020101
020102
020103
020104
020105
020106
020201
020202
020203
020204
020205
020206
020207
020301
020302
020303
020304
020305
020306
020401
020402
020403
020404
020501
020502
020503
020504
020505
020506
020601
020602
020603
020604
020605
020606
020607
020608
020609
020701
020702
020703
020704
020801
020802
020803
020804
020805
020806
020807
020808
020809
020810
020811
020812
020813
020814
020901
020902
020903
020904
020905
020906
020907
020908
021001
021002
021003
021004
021005
021006
021007
021101
021102
021103
021104
021201
021202
021203
021204
021205
021301
021302
021303
021401
021402
021403
021404
021405
021406
021407
021408
021501
021502
021503
021504
021601
021602
021603
021604
021605
021606
021701
021702
021703
021704
021705
021801
021802
021803
021804
021805
021901
021902
021903
021904
021905
021906
021907
021908
022001
022002
022003
022004
022005
022006
022101
022102
022103
022104
022105
022106
022107
022108
022201
022202
022203
022301
022302
022303
022304
022305
022306
022307
022308
022309
022401
022402
022403
022404
022405
022406
022407
022501
022502
022503
022504
022505
022506
022507
022601
022602
022603
022604
022605
022606
026101
026201
026401
040101
040102
040103
040104
040105
040106
040107
040108
040109
040201
040202
040203
040204
040205
040206
040207
040208
040209
040210
040301
040302
040303
040304
040305
040306
040307
040308
040401
040402
040403
040404
040405
040406
040407
040501
040502
040503
040504
040505
040506
040601
040602
040603
040604
040605
040606
040701
040702
040703
040704
040705
040706
040707
040708
040709
040801
040802
040803
040804
040805
040806
040807
040808
040809
040901
040902
040903
040904
041001
041002
041003
041004
041005
041101
041102
041103
041104
041105
041106
041107
041201
041202
041203
041204
041205
041206
041301
041302
041303
041304
041401
041402
041403
041404
041405
041406
041407
041408
041409
041410
041411
041501
041502
041503
041504
041505
041506
041507
041508
041509
041601
041602
041603
041604
041605
041606
041701
041702
041703
041704
041705
041801
041802
041803
041804
041805
041806
041807
041808
041809
041810
041811
041812
041813
041901
041902
041903
041904
041905
041906
046101
046201
046301
046401
060101
060102
060103
060104
060105
060106
060107
060108
060109
060110
060111
060112
060113
060114
060115
060116
060117
060118
060119
060201
060202
060203
060204
060205
060206
060207
060208
060209
060210
060211
060212
060213
060214
060301
060302
060303
060304
060305
060306
060307
060308
060309
060310
060311
060312
060313
060314
060401
060402
060403
060404
060405
060406
060407
060408
060501
060502
060503
060504
060505
060506
060507
060601
060602
060603
060604
060605
060606
060607
060609
060610
060611
060701
060702
060703
060704
060705
060706
060707
060708
060709
060710
060801
060802
060803
060804
060805
060806
060807
060808
060809
060810
060811
060812
060813
060901
060902
060903
060904
060905
060906
060907
060908
060909
060910
060911
060912
060913
060914
060915
060916
061001
061002
061003
061004
061005
061006
061101
061102
061103
061104
061105
061106
061107
061108
061109
061110
061111
061201
061202
061203
061204
061205
061206
061207
061301
061302
061303
061304
061305
061306
061307
061401
061402
061403
061404
061405
061406
061407
061408
061409
061410
061411
061501
061502
061503
061504
061505
061506
061507
061508
061601
061602
061603
061604
061605
061606
061701
061702
061703
061704
061705
061801
061802
061803
061804
061805
061806
061807
061808
061809
061810
061811
061812
061813
061901
061902
061903
061904
061905
061906
061907
061908
062001
062002
062003
062004
062005
062006
062007
062008
062009
062010
062011
062012
062013
062014
062015
066101
066201
066301
066401
080101
080102
080103
080104
080105
080106
080107
080201
080202
080203
080204
080205
080206
080207
080301
080302
080303
080304
080305
080306
080401
080402
080403
080404
080405
080406
080407
080408
080501
080502
080503
080504
080505
080601
080602
080603
080604
080605
080701
080702
080703
080704
080705
080801
080802
080803
080804
080805
080806
080901
080902
080903
080904
080905
080906
080907
080908
080909
080910
081001
081002
081003
081004
081005
081006
081007
081008
081009
081101
081102
081103
081104
081105
081106
081107
081108
081109
081110
081201
081202
081203
086101
086201
100101
100102
100103
100104
100105
100106
100107
100108
100201
100202
100203
100204
100205
100206
100207
100208
100209
100210
100211
100301
100302
100303
100304
100305
100401
100402
100403
100404
100405
100406
100407
100408
100501
100502
100503
100504
100505
100506
100507
100508
100509
100510
100602
100603
100607
100608
100610
100611
100701
100702
100703
100704
100705
100706
100707
100708
100801
100802
100803
100804
100805
100806
100807
100901
100902
100903
100904
100905
100906
100907
100908
101001
101002
101003
101004
101005
101006
101007
101008
101009
101010
101011
101101
101102
101103
101104
101105
101106
101201
101202
101203
101204
101205
101206
101207
101208
101209
101210
101211
101212
101213
101214
101301
101302
101303
101304
101305
101306
101401
101402
101403
101404
101405
101406
101407
101408
101409
101410
101411
101501
101502
101503
101504
101505
101506
101507
101508
101509
101601
101602
101603
101604
101605
101606
101607
101608
101609
101610
101611
101701
101702
101703
101704
101705
101706
101707
101708
101709
101710
101801
101802
101803
101804
101805
101806
101807
101901
101902
101903
101904
102001
102002
102003
102004
102005
102006
102007
102008
102009
102101
102102
102103
102104
102105
106101
106201
106301
120101
120102
120103
120104
120105
120106
120107
120108
120109
120201
120202
120203
120204
120205
120206
120207
120301
120302
120303
120304
120305
120401
120402
120403
120404
120405
120406
120407
120501
120502
120503
120504
120505
120506
120507
120508
120509
120510
120601
120602
120603
120604
120605
120606
120607
120608
120609
120610
120611
120612
120613
120614
120615
120616
120617
120701
120702
120703
120704
120705
120706
120707
120708
120709
120710
120711
120712
120801
120802
120803
120804
120805
120806
120807
120901
120902
120903
120904
120905
120906
120907
120908
120909
121001
121002
121003
121004
121005
121006
121007
121008
121009
121010
121011
121012
121013
121014
121015
121016
121101
121102
121103
121104
121105
121106
121107
121108
121109
121110
121111
121112
121113
121114
121201
121203
121204
121205
121206
121207
121301
121302
121303
121304
121305
121306
121307
121308
121309
121401
121402
121403
121404
121405
121406
121501
121502
121503
121504
121505
121506
121507
121508
121509
121601
121602
121603
121604
121605
121606
121607
121608
121609
121610
121611
121612
121613
121614
121615
121616
121701
121702
121703
121704
121705
121801
121802
121803
121804
121805
121806
121807
121808
121809
121810
121901
121902
121903
121904
121905
126101
126201
126301
140101
140102
140103
140104
140105
140106
140201
140202
140203
140204
140205
140206
140207
140208
140209
140301
140302
140303
140304
140305
140306
140307
140308
140309
140310
140311
140312
140313
140314
140401
140402
140403
140404
140405
140501
140502
140503
140504
140505
140506
140601
140602
140603
140604
140605
140606
140607
140608
140609
140611
140701
140702
140703
140704
140705
140706
140707
140801
140802
140803
140804
140805
140901
140902
140903
140904
140905
140906
141001
141002
141003
141004
141005
141006
141101
141102
141103
141104
141105
141106
141107
141108
141109
141110
141201
141204
141205
141206
141207
141208
141209
141210
141211
141212
141213
141214
141215
141301
141302
141303
141304
141305
141306
141307
141308
141309
141310
141401
141402
141403
141404
141405
141406
141501
141502
141503
141504
141505
141506
141507
141508
141509
141510
141511
141601
141602
141603
141604
141605
141606
141607
141608
141609
141610
141611
141701
141702
141703
141704
141705
141706
141707
141708
141801
141802
141803
141804
141805
141806
141901
141902
141903
141904
141905
141906
141907
141908
141909
141910
141911
141912
141913
141914
141915
142001
142002
142003
142004
142005
142006
142007
142008
142009
142010
142011
142012
142101
142102
142103
142104
142105
142106
142201
142202
142203
142204
142205
142206
142207
142301
142302
142303
142304
142305
142306
142307
142308
142401
142402
142403
142404
142405
142406
142407
142501
142502
142503
142504
142505
142506
142507
142508
142509
142510
142511
142512
142513
142601
142602
142603
142604
142605
142606
142607
142608
142609
142610
142611
142612
142613
142701
142702
142703
142704
142705
142706
142707
142801
142802
142803
142804
142805
142806
142807
142808
142901
142902
142903
142904
142905
142906
142907
142908
142909
143001
143002
143003
143004
143005
143201
143202
143203
143204
143205
143206
143207
143301
143302
143303
143304
143305
143306
143307
143308
143309
143401
143402
143403
143404
143405
143406
143407
143408
143409
143410
143411
143412
143501
143502
143503
143504
143505
143506
143601
143602
143603
143604
143605
143701
143702
143703
143704
143705
143706
143801
143802
143803
143804
143805
146101
146201
146301
146401
146501
146502
146503
146504
146505
146506
146507
146508
146509
146510
146511
146512
146513
146514
146515
146516
146517
146518
146519
160101
160102
160103
160104
160105
160106
160201
160202
160203
160204
160301
160302
160303
160304
160305
160306
160401
160402
160403
160404
160501
160502
160503
160504
160505
160601
160602
160603
160604
160605
160701
160702
160703
160704
160705
160706
160707
160708
160709
160801
160802
160803
160804
160805
160806
160807
160901
160902
160903
160904
160905
160906
160907
160908
160909
160910
160911
160912
160913
161001
161002
161003
161004
161101
161102
161103
161104
161105
161106
161107
166101
180103
180105
180108
180201
180202
180203
180204
180205
180206
180301
180302
180303
180304
180305
180306
180307
180401
180402
180403
180404
180405
180406
180407
180408
180409
180410
180411
180501
180502
180503
180504
180505
180506
180507
180508
180509
180511
180601
180602
180603
180604
180605
180606
180701
180702
180703
180704
180705
180706
180707
180708
180709
180801
180802
180803
180804
180805
180901
180902
180903
180904
180905
180906
180907
180908
181001
181002
181003
181004
181005
181006
181007
181101
181102
181103
181104
181105
181106
181107
181108
181109
181110
181201
181202
181203
181204
181205
181206
181207
181301
181302
181303
181304
181305
181306
181307
181308
181309
181310
181401
181402
181403
181404
181405
181406
181407
181408
181409
181501
181502
181503
181504
181505
181601
181602
181603
181604
181605
181606
181607
181608
181609
181610
181611
181612
181613
181614
181701
181702
181703
181704
181705
181706
181707
181708
181801
181802
181803
181804
181805
181806
181901
181902
181903
181904
181905
182001
182002
182003
182004
182101
182102
182103
182104
182105
186101
186201
186301
186401
200101
200102
200103
200104
200105
200106
200107
200201
200202
200203
200204
200205
200206
200207
200208
200209
200210
200211
200212
200213
200214
200215
200301
200302
200303
200304
200305
200306
200307
200308
200401
200402
200403
200404
200405
200406
200501
200502
200503
200504
200505
200506
200507
200508
200509
200601
200602
200603
200604
200605
200606
200701
200702
200703
200704
200705
200706
200707
200708
200709
200801
200802
200803
200804
200805
200806
200807
200901
200902
200903
200904
200905
201001
201002
201003
201004
201005
201006
201007
201008
201009
201101
201102
201103
201104
201105
201106
201107
201108
201109
201110
201201
201202
201203
201204
201205
201206
201207
201208
201209
201301
201302
201303
201304
201305
201306
201307
201308
201309
201310
201401
201402
201403
201404
201405
206101
206201
206301
220101
220102
220103
220104
220105
220106
220107
220108
220109
220110
220201
220202
220203
220204
220205
220301
220302
220303
220304
220305
220306
220307
220401
220402
220403
220404
220405
220406
220407
220408
220501
220502
220503
220504
220505
220506
220507
220508
220601
220602
220603
220604
220605
220606
220607
220608
220701
220702
220703
220704
220705
220706
220801
220802
220803
220804
220805
220901
220903
220904
220906
220907
220908
221001
221002
221003
221004
221005
221101
221102
221103
221104
221105
221106
221107
221201
221202
221203
221204
221205
221206
221207
221208
221209
221210
221301
221302
221303
221304
221305
221306
221307
221308
221309
221310
221311
221312
221313
221401
221402
221403
221404
221405
221406
221501
221502
221503
221504
221505
221506
221507
221508
221509
221510
221601
221602
221603
221604
221605
226101
226201
226301
226401
240101
240102
240103
240104
240105
240106
240107
240108
240201
240202
240203
240204
240205
240206
240207
240208
240209
240210
240301
240302
240303
240304
240305
240306
240307
240308
240309
240310
240311
240312
240401
240402
240403
240404
240405
240406
240407
240408
240409
240410
240411
240412
240413
240414
240415
240416
240501
240502
240503
240504
240505
240506
240507
240508
240601
240602
240603
240604
240605
240606
240607
240608
240609
240701
240702
240703
240704
240705
240706
240707
240708
240801
240802
240803
240804
240805
240901
240902
240903
240904
240905
241001
241002
241003
241004
241005
241006
241101
241102
241103
241104
241105
241106
241107
241108
241201
241202
241203
241204
241205
241301
241302
241303
241304
241305
241306
241307
241308
241309
241401
241402
241403
241404
241405
241501
241502
241503
241504
241505
241506
241507
241508
241509
241601
241602
241603
241604
241605
241606
241607
241608
241609
241610
241701
241702
241703
241704
241705
241706
241707
241708
241709
241710
241711
241712
241713
241714
241715
246101
246201
246301
246401
246501
246601
246701
246801
246901
247001
247101
247201
247301
247401
247501
247601
247701
247801
247901
260101
260102
260103
260104
260105
260106
260107
260108
260201
260202
260203
260204
260205
260206
260207
260208
260209
260301
260302
260303
260304
260305
260401
260402
260403
260404
260405
260406
260407
260408
260409
260410
260411
260412
260413
260414
260415
260416
260417
260418
260419
260501
260502
260503
260504
260505
260506
260507
260508
260601
260602
260603
260604
260605
260606
260607
260608
260701
260702
260703
260704
260705
260706
260801
260802
260803
260804
260805
260901
260902
260903
260904
260905
260906
260907
260908
260909
261001
261002
261003
261004
261005
261101
261102
261103
261104
261105
261201
261202
261203
261204
261205
261206
261207
261208
261301
261302
261303
261304
261305
261306
266101
280101
280102
280103
280104
280105
280106
280201
280202
280203
280204
280205
280206
280207
280301
280302
280303
280304
280305
280306
280401
280402
280403
280404
280405
280406
280407
280408
280409
280501
280502
280503
280504
280505
280601
280604
280605
280606
280608
280610
280701
280702
280703
280704
280705
280706
280707
280801
280802
280803
280804
280805
280806
280901
280902
280903
280904
280905
281001
281002
281003
281004
281005
281101
281102
281103
281104
281201
281202
281203
281204
281205
281303
281304
281305
281306
281401
281402
281403
281404
281405
281406
281407
281408
281409
281410
281411
281412
281501
281502
281503
281504
281505
281506
281507
281508
281509
281601
281602
281603
281604
281701
281702
281703
281704
281705
281706
281707
281708
281801
281802
281803
281901
281902
281903
286101
286201
300101
300102
300103
300104
300105
300201
300202
300203
300204
300205
300206
300207
300208
300301
300302
300303
300304
300305
300306
300307
300308
300309
300310
300401
300402
300403
300404
300405
300406
300407
300501
300502
300503
300504
300505
300601
300602
300603
300604
300701
300702
300703
300704
300705
300706
300707
300708
300709
300710
300711
300801
300802
300803
300804
300805
300806
300807
300901
300902
300903
300904
300905
300906
300907
300908
300909
300910
300911
301001
301002
301003
301004
301005
301006
301007
301008
301009
301010
301011
301012
301013
301014
301101
301102
301103
301104
301105
301201
301202
301203
301204
301205
301206
301301
301302
301303
301304
301305
301306
301307
301401
301402
301403
301404
301501
301502
301503
301504
301505
301506
301601
301602
301603
301701
301702
301703
301704
301705
301706
301707
301708
301801
301802
301803
301804
301805
301806
301807
301901
301902
301903
301904
301905
301906
301907
301908
301909
302001
302002
302003
302004
302005
302006
302101
302102
302103
302104
302105
302106
302107
302108
302109
302110
302111
302112
302113
302114
302115
302116
302117
302201
302202
302203
302204
302205
302301
302302
302303
302304
302305
302306
302307
302308
302401
302402
302403
302404
302405
302406
302407
302408
302501
302502
302503
302504
302505
302601
302602
302603
302604
302701
302702
302703
302704
302705
302706
302707
302708
302709
302801
302802
302803
302804
302805
302806
302807
302901
302902
302903
303001
303002
303003
303004
303005
303101
303102
303103
303104
303105
303106
303107
303108
306101
306201
306301
306401
320101
320102
320103
320104
320201
320202
320203
320204
320205
320206
320301
320302
320303
320304
320305
320306
320402
320403
320404
320405
320406
320407
320501
320502
320503
320504
320507
320508
320601
320602
320603
320604
320605
320606
320607
320608
320609
320701
320702
320703
320704
320705
320706
320801
320802
320803
320804
320805
320806
320807
320901
320902
320903
320904
320905
320906
320907
320908
321001
321002
321003
321004
321005
321101
321102
321103
321104
321201
321202
321203
321204
321205
321206
321301
321302
321303
321304
321305
321306
321401
321402
321403
321404
321405
321406
321408
321409
321410
321411
321501
321502
321503
321504
321505
321506
321601
321602
321603
321604
321605
321606
321701
321702
321703
321704
321705
321801
321802
321803
321804
321805
326101
326201
326301
